28.2
3.2
34.9
0.09
18.5
0.09
40.1
3.2
21.9
8.4
8.6
0.3
0.8
162.2
0.2
9.7
10.8
0.3
8.9
0.7
9.8
3.8
1.9
191.7
0.4
7.6
15.8
8.3
13.4
19.5
33.8
0.5
4.4
11.2
16.9
1332.5
45.05
0.7
4.6
21.1
4.4
11.2
0.8
10.5
22.7
66.02
5.5
0.8
0.07
10.1
14
77.05
6.2
0.7
5.1
1.3
79.22
0.8
5.3
65.07
1.5
1.7
4.4
82.04
23.8
11.3
0.1
14
10.1
1.6
0.7
10
7.5
10
0.3
1198
229.9
74.19
30.7
4.4
7.4
60.06
2.7
127.58
6.3
15.6
39.8
0.09
2.9
5.5
6.6
2.3
4.2
2.1
3.5
6.4
0.04
3.4
0.5
19.6
15.3
27.5
0.3
13
0.4
0.06
3.3
1.3
107.55
0.1
0.03
2.7
0.6
31.6
22.9
50.02
2.2
0.01
29.3
16.5
4.3
5.7
15.3
154.7
4.8
2.8
167
0.02
3.5
6.7
6.3
29.1
92.2
38.1
10.6
1.4
48.4
4.1
3.7
21.5
141.9
9.9
0.05
0.02
0.1
0.2
0.03
0.2
25.7
12.5
9.8
0.08
5.7
4.8
5.4
2
0.5
9.1
48.69
8.3
45.29
20.2
42.27
0.5
1.2
9.3
7.7
21.9
6.9
63.38
2.1
1.1
6.6
0.1
1.3
10.3
71.51
5.1
0.01
32.7
46.14
4.6
61.63
40
307.2
3.4
27.5
0.2
28.4
88.06
23.6
12.9
12.5
